"Story","Title","Result","Date","Stability","Duration (s)"
"CRUD Regresin","Actualizar usuario aleatoriamente","SUCCESS","2023-03-05T04:47:08.5712375-05:00[America/Bogota]","0.0","2.87"
